cam0:
  T_cam_imu:
  # GS: 2
#  - [ 0.00416501, -0.99998703, 0.00293296, 0.02765275 ]
#  - [ 0.0038389, -0.00291697, -0.99998838, -0.00426023 ]
#  - [ 0.99998396, 0.00417622, 0.0038267, -0.01757525 ]
#  - [ 0.0, 0.0, 0.0, 1.0 ]
  # GS: 1
  - [0.00506155, -0.99998677, 0.00091689, 0.02546299]
  - [0.00317029, -0.00090085, -0.99999457, -0.00747532]
  - [0.99998216, 0.00506442, 0.00316568, -0.0295484]
  - [0.0, 0.0, 0.0, 1.0]
#  - - [ 0.03758758, -0.9990644, 0.02138949, -0.00656111 ]
#      - [ 0.0190846, -0.02068303, -0.99960391, 0.02631842 ]
#      - [ 0.99911108, 0.0379809, 0.01828932, 0.01063848 ]
#      - [ 0.0, 0.0, 0.0, 1.0 ]
  cam_overlaps: [1]
  camera_model: pinhole
  distortion_coeffs: [ 0.23234576392575393, 0.3406633737327934, -0.03242829528407775, -0.04278289531396835 ]
  distortion_model: equidistant
  intrinsics: [534.2166446703484, 536.0509289416569, 640.106821242691, 358.1268552588451]
  resolution: [1280, 720]
  rostopic: /zed2/zed_node/left/image_rect_color
