cam0:
  T_cam_imu:
  # VINS
  - [ -0.0057083, -0.99997857, 0.00320662, 0.02550878 ]
  - [ -0.00185423, -0.00319608, -0.99999317, -0.0043611 ]
  - [ 0.99998199, -0.0057142, -0.00183594, -0.01117434 ]
  - [ 0.0, 0.0, 0.0, 1.0 ]
  # Kalibr
#  - [ 0.00506155, -0.99998677, 0.00091689, 0.02546299 ]
#  - [ 0.00317029, -0.00090085, -0.99999457, -0.00747532 ]
#  - [ 0.99998216, 0.00506442, 0.00316568, -0.0295484 ]
#  - [ 0.0, 0.0, 0.0, 1.0 ]
  cam_overlaps: [1]
  camera_model: pinhole
  distortion_coeffs: [0.0, 0.0, 0.0, 0.0]
  distortion_model: radtan
  intrinsics: [529.8883904275185, 532.2635248309922, 643.713268067358, 358.8042012981457]
  resolution: [1280, 720]
  rostopic: /zed2/zed_node/left/image_rect_color
