cam0:
  T_cam_imu:
  - [-0.03475939, 0.99929322, -0.014312, 0.35532723]
  - [-0.01217087, 0.01389633, 0.99982937, 0.88280885]
  - [0.9993216, 0.03492765, 0.01167925, -1.26388888]
  - [0.0, 0.0, 0.0, 1.0]
  cam_overlaps: [1]
  camera_model: pinhole
  distortion_coeffs: [ 0.0, 0.0, 0.0, 0.0 ]
  distortion_model: radtan
  intrinsics: [945.391406, 945.668274, 855.502825, 566.372868]
  resolution: [1656, 860]
  rostopic: /camera/image_raw
