cam0:
  T_cam_imu:
  - [0.02146952, 0.99974374, 0.00717655, 0.02428025]
  - [-0.02892547, -0.00655406, 0.99956009, 0.59847566]
  - [0.99935098, -0.02166767, 0.02877735, -2.11609682]
  - [0.0, 0.0, 0.0, 1.0]
  cam_overlaps: [1]
  camera_model: pinhole
  distortion_coeffs: [ 0.0, 0.0, 0.0, 0.0 ]
  distortion_model: radtan
  intrinsics: [3656.311177, 3671.211662, 1225.812961, 993.655164]
  resolution: [2464, 1716]
  rostopic: /camera/image_raw
